0 5 10000000000.0 
0 6 10000000000.0 
1 2 10000000000.0 
1 3 10000000000.0 
1 7 10000000000.0 
1 8 10000000000.0 
2 1 10000000000.0 
2 4 10000000000.0 
3 1 10000000000.0 
3 4 10000000000.0 
3 5 10000000000.0 
3 6 10000000000.0 
4 2 10000000000.0 
4 3 10000000000.0 
4 7 10000000000.0 
4 8 10000000000.0 
5 0 10000000000.0 
5 3 10000000000.0 
5 8 10000000000.0 
5 9 10000000000.0 
6 0 10000000000.0 
6 3 10000000000.0 
6 8 10000000000.0 
6 9 10000000000.0 
7 1 10000000000.0 
7 4 10000000000.0 
8 1 10000000000.0 
8 4 10000000000.0 
8 5 10000000000.0 
8 6 10000000000.0 
9 5 10000000000.0 
9 6 10000000000.0 
